3
7
8
9
10
11
12
13
14
15
16
18
22
23
24
26
27
28
29
32
33
34
35
36
38
40
41
43
44
45
47
48
49
50
51
52
56
57
59
60
61
63
77
78
79
80
81
82
83
84
85
86
87
88
89
90
91
92
94
95
96
98
99
100
101
102
104
105
108
109
111
112
114
115
116
117
118
119
120
121
122
123
125
126
129
131
132
133
134
136
139
147
148
149
150
151
154
155
156
157
158
159
160
163
165
166
168
169
170
173
176
177
179
180
183
184
185
186
187
188
189
190
191
192
193
194
195
196
197
198
199
201
202
203
205
207
208
209
210
211
212
213
214
215
216
218
219
220
222
224
227
228
229
230
231
232
233
234
235
236
237
239
240
242
243
244
245
247
249
250
251
254
256
257
258
259
260
264
265
267
269
270
271
272
273
274
275
277
278
279
280
281
282
283
284
286
288
289
290
291
294
295
296
297
298
299
301
303
306
312
314
315
316
317
318
319
320
321
322
323
324
325
326
327
328
329
330
331
332
335
336
337
338
339
340
341
342
345
346
347
348
351
353
357
358
359
360
361
362
363
366
367
368
370
378
379
380
381
382
383
384
385
386
387
388
390
391
392
395
396
397
399
400
401
404
405
406
407
412
413
415
416
417
420
424
425
427
432
434
437
438
439
441
442
443
444
452
453
454
455
459
460
461
463
464
467
468
470
471
472
473
474
476
477
478
482
484
485
486
487
488
489
490
491
493
494
495
496
499
500
501
502
503
506
508
509
510
513
514
515
516
519
520
522
523
525
526
527
528
529
534
535
536
537
538
541
542
544
549
550
551
553
554
555
556
557
558
559
560
561
563
565
566
570
577
579
580
582
583
584
585
587
588
589
592
593
595
596
598
599
600
601
602
604
605
606
608
609
610
611
612
613
616
617
618
619
621
630
631
632
633
635
636
637
640
641
643
644
645
646
648
649
651
653
654
655
656
657
659
660
661
662
663
664
665
667
668
669
672
673
674
675
676
677
679
680
681
683
685
686
687
688
689
690
691
692
696
709
710
711
712
713
714
715
716
717
718
719
720
721
724
725
727
729
730
731
734
735
736
737
738
739
740
741
742
743
744
746
748
750
752
759
760
761
762
764
765
766
768
772
773
774
775
776
778
779
781
787
788
792
793
794
796
798
799
802
805
806
807
808
809
810
811
812
813
823
824
825
827
828
829
830
831
832
835
838
839
840
841
842
843
846
848
849
851
853
856
860
861
862
863
865
868
869
870
871
872
873
876
877
878
879
880
882
884
886
887
888
890
893
894
898
899
901
902
910
911
912
913
914
916
920
922
923
924
926
927
928
929
930
931
932
933
936
939
940
941
942
943
950
953
954
955
956
957
958
959
960
963
966
967
970
972
977
982
983
984
985
986
987
988
989
991
992
993
997
998
999
1002
1007
1008
1009
1011
1012
1013
1015
1016
1019
1020
1021
1022
1024
1026
1027
1029
1030
1031
1032
1034
1035
1043
1044
1045
1046
1047
1050
1051
1053
1054
1055
1056
1059
1060
1062
1064
1067
1069
1070
1072
1073
1075
1077
1078
1080
1081
1083
1084
1085
1086
1088
1090
1091
1096
1097
1102
1103
1104
1105
1106
1107
1116
1117
1118
1119
1120
1124
1125
1127
1128
1134
1135
1137
1138
1142
1146
1147
1148
1152
1153
1154
1155
1156
1158
1160
1161
1162
1163
1166
1167
1171
1172
1173
1174
1175
1176
1177
1179
1180
1181
1182
1183
1184
1185
1186
1188
1190
1192
1194
1195
1197
1202
1203
1204
1205
1206
1207
1208
1209
1211
1215
1219
1220
1221
1223
1225
1229
1230
1231
1232
1233
1241
1242
1243
1244
1250
1253
1256
1257
1258
1261
1262
1269
1270
1273
1274
1275
1277
1280
1282
1283
1284
1285
1287
1288
1291
1293
1295
1297
1300
1302
1303
1306
1308
1309
1310
1311
1312
1313
1315
1316
1329
1330
1331
1332
1333
1334
1335
1336
1337
1338
1339
1340
1341
1342
1344
1345
1346
1348
1349
1352
1355
1356
1360
1361
1363
1368
1369
1370
1371
1374
1375
1378
1379
1380
1382
1383
1384
1385
1386
1389
1390
1391
1399
1400
1401
1402
1403
1404
1405
1406
1407
1408
1409
1413
1417
1419
1421
1424
1428
1429
1430
1431
1432
1433
1434
1436
1443
1444
1445
1446
1450
1451
1452
1453
1458
1459
1460
1462
1464
1465
1466
1467
1469
1470
1471
1473
1474
1475
1478
1479
1485
1486
1487
1489
1490
1491
1493
1494
1495
1499
1500
1502
1506
1508
1510
1512
1514
1515
1516
1521
1522
1523
1524
1525
1526
1529
1531
1532
1533
1535
1537
1546
1547
1550
1554
1555
1556
1557
1570
1572
1573
1574
1579
1589
1590
1591
1592
1593
1595
1598
1599
1600
1601
1602
1603
1605
1606
1607
1610
1612
1613
1615
1616
1617
1618
1619
1623
1624
1625
1627
1629
1630
1631
1632
1640
1641
1642
1643
1646
1648
1651
1655
1658
1663
1671
1672
1674
1675
1678
1679
1684
1685
1686
1687
1689
1695
1696
1697
1698
1699
1700
1701
1705
1706
1707
1709
1711
1715
1717
1723
1731
1732
1733
1736
1738
1740
1742
1744
1750
1751
1752
1753
1754
1755
1756
1759
1760
1769
1770
1771
1773
1774
1775
1776
1778
1779
1780
1781
1782
1784
1786
1790
1792
1793
1795
1796
1798
1799
1800
1802
1804
1807
1814
1815
1816
1817
1818
1821
1824
1825
1828
1829
1830
1831
1836
1840
1841
1846
1849
1858
1859
1860
1862
1864
1865
1869
1871
1876
1877
1878
1880
1883
1886
1891
1892
1893
1894
1895
1896
1897
1899
1902
1903
1906
1908
1911
1914
1915
1916
1917
1918
1922
1931
1932
1933
1937
1939
1940
1941
1943
1944
1946
1947
1949
1950
1955
1956
1958
1960
1963
1964
1965
1967
1970
1972
1980
1981
1982
1984
1986
1987
1988
1989
1990
1991
1992
1994
1999
2000
2001
2002
2007
2008
2012
2014
2015
2016
2019
2032
2035
2036
2037
2038
2039
2040
2041
2042
2043
2044
2045
2047
2048
2049
2051
2054
2055
2056
2066
2067
2068
2071
2072
2074
2077
2078
2081
2082
2084
2089
2090
2091
2092
2093
2098
2099
2102
2105
2106
2107
2108
2118
2119
2121
2122
2123
2124
2126
2127
2130
2132
2133
2135
2136
2139
2149
2150
2151
2153
2156
2158
2159
2160
2161
2165
2166
2167
2168
2169
2177
2178
2180
2181
2183
2184
2189
2191
2192
2194
2198
2209
2210
2211
2212
2213
2214
2215
2218
2220
2222
2223
2224
2225
2230
2231
2234
2235
2236
2241
2242
2243
2244
2247
2248
2250
2257
2258
2259
2260
2261
2263
2265
2266
2267
2269
2270
2271
2272
2273
2274
2275
2277
2278
2280
2281
2282
2298
2302
2303
2304
2309
2311
2329
2331
2343
2344
2345
2346
2348
2349
2350
2352
2354
2358
2361
2362
2363
2369
2376
2377
2378
2379
2380
2381
2382
2384
2385
2386
2388
2392
2394
2397
2398
2401
2403
2405
2406
2412
2414
2415
2416
2417
2419
2421
2422
2427
2431
2433
2434
2435
2436
2439
2444
2446
2447
2455
2456
2457
2464
2465
2466
2469
2472
2474
2475
2476
2477
2478
2487
2488
2490
2491
2492
2494
2496
2497
2499
2500
2501
2505
2506
2507
2508
2509
2510
2513
2514
2516
2519
2526
2527
2529
2530
2531
2533
2534
2535
2541
2542
2549
2555
2557
2561
2574
2575
2576
2582
2584
2585
2587
2588
2592
2593
2594
2595
2598
2599
2600
2602
2610
2611
2612
2614
2615
2617
2618
2619
2622
2623
2624
2625
2627
2628
2630
2631
2632
2634
2635
2636
2642
2643
2644
2646
2647
2648
2649
2650
2651
2652
2653
2654
2655
2657
2660
2664
2665
2668
2669
2678
2679
2680
2681
2684
2685
2686
2687
2690
2691
2693
2696
2697
2701
2702
2704
2705
2706
2708
2709
2716
2717
2718
2720
2721
2724
2727
2730
2731
2739
2743
2744
2746
2747
2748
2751
2755
2756
2757
2758
2759
2760
2762
2763
2768
2769
2779
2780
2781
2782
2783
2785
2786
2789
2791
2793
2795
2798
2801
2805
2806
2807
2808
2809
2810
2815
2818
2819
2820
2821
2822
2823
2825
2830
2837
2847
2848
2849
2850
2851
2861
2865
2866
2867
2869
2870
2872
2875
2877
2879
2880
2881
2883
2885
2892
2893
2894
2895
2896
2898
2899
2901
2903
2908
2910
2918
2919
2921
2922
2924
2927
2930
2931
2936
2938
2939
2941
2942
2944
2957
2959
2960
2961
2962
2964
2966
2967
2968
2969
2971
2977
2978
2979
2980
2982
2987
2988
3000
3001
3003
3004
3005
3006
3009
3012
3013
3014
3026
3029
3030
3036
3037
3038
3039
3040
3043
3046
3048
3049
3051
3052
3055
3056
3057
3058
3061
3062
3064
3067
3070
3074
3075
3077
3078
3084
3086
3088
3089
3092
3093
3095
3096
3097
3104
3105
3106
3107
3108
3109
3110
3116
3117
3119
3121
3126
3129
3130
3131
3132
3134
3135
3138
3145
3146
3147
3148
3149
3150
3152
3154
3157
3158
3165
3166
3168
3169
3170
3171
3173
3174
3176
3181
3184
3186
3187
3193
3194
3195
3197
3199
3200
3201
3202
3204
3207
3208
3210
3212
3213
3214
3217
3218
3223
3224
3225
3228
3229
3231
3235
3240
3243
3247
3248
3249
3250
3251
3255
3256
3260
3261
3262
3264
3274
3277
3278
3282
3283
3285
3291
3293
3294
3295
3298
3300
3302
3304
3305
3306
3307
3309
3310
3311
3312
3313
3314
3316
3317
3324
3325
3328
3330
3332
3340
3354
3355
3356
3357
3358
3359
3360
3361
3366
3367
3368
3372
3373
3385
3386
3387
3388
3389
3391
3394
3396
3397
3399
3402
3406
3407
3408
3409
3411
3412
3413
3414
3415
3416
3419
3420
3421
3424
3430
3431
3432
3433
3434
3436
3437
3441
3442
3445
3455
3456
3457
3459
3462
3464
3467
3468
3478
3479
3480
3481
3483
3484
3494
3497
3499
3500
3503
3504
3507
3508
3512
3516
3519
3520
3521
3524
3526
3532
3533
3534
3545
3546
3547
3549
3555
3556
3561
3562
3564
3568
3569
3571
3572
3573
3574
3580
3583
3584
3587
3588
3592
3605
3606
3610
3618
3627
3628
3631
3633
3639
3645
3646
3648
3649
3661
3665
3668
3669
3675
3677
3678
3679
3680
3685
3689
3691
3699
3700
3702
3703
3704
3705
3707
3709
3711
3713
3714
3715
3716
3721
3722
3727
3728
3730
3732
3733
3734
3735
3748
3749
3750
3751
3752
3753
3755
3758
3763
3766
3769
3777
3779
3782
3783
3785
3791
3793
3795
3796
3797
3801
3802
3810
3811
3814
3815
3816
3818
3827
3828
3829
3830
3832
3833
3838
3845
3846
3849
3850
3851
3858
3859
3863
3867
3868
3869
3871
3875
3879
3880
3883
3887
3888
3891
3892
3893
3894
3895
3896
3898
3899
3900
3905
3906
3907
3912
3914
3915
3923
3925
3927
3929
3930
3931
3932
3934
3937
3938
3939
3940
3943
3944
3945
3950
3951
3952
3953
3956
3957
3963
3970
3986
3987
3988
3991
3999
4001
4002
4004
4007
4012
4014
4015
4017
4018
4026
4027
4028
4029
4030
4033
4037
4038
4044
4045
4047
4048
4049
4050
4059
4060
4061
4062
4069
4071
4072
4073
4078
4082
4085
4087
4088
4089
4090
4091
4093
4099
4101
4102
4103
4104
4105
4107
4111
4112
4114
4117
4125
4126
4129
4131
4133
4143
4146
4147
4148
4149
4154
4164
4166
4185
4186
4206
4209
4223
4226
4230
4231
4238
4239
4241
4242
4245
4247
4248
4249
4254
4256
4257
4258
4260
4261
4264
4265
4267
4268
4273
4274
4278
4283
4286
4288
4289
4294
4298
4299
4303
4304
4307
4310
4312
4320
4321
4328
4331
4332
4333
4342
4345
4346
4348
4349
4350
4351
4352
4355
4371
4372
4388
4389
4391
4395
4397
4402
4405
4406
4407
4408
4417
4418
4424
4428
4435
4436
4440
4441
4447
4448
4449
4452
4457
4461
4463
4468
4469
4470
4474
4475
4476
4478
4484
4485
4489
4490
4491
4501
4502
4504
4507
4513
4518
4521
4522
4526
4527
4529
4532
4534
4535
4539
4548
4549
4552
4564
4566
4568
4579
4580
4581
4584
4585
4586
4587
4588
4590
4602
4608
4609
4614
4626
4627
4628
4630
4632
4634
4635
4639
4640
4645
4651
4655
4656
4658
4666
4667
4670
4671
4673
4674
4675
4676
4681
4682
4684
4685
4686
4691
4697
4698
4707
4713
4714
4715
4717
4718
4726
4727
4728
4729
4730
4743
4744
4747
4748
4762
4764
4767
4768
4771
4773
4782
4783
4784
4785
4786
4787
4789
4795
4800
4802
4805
4806
4809
4810
4819
4820
4821
4822
4823
4824
4830
4833
4835
4845
4846
4847
4848
4853
4858
4860
4864
4870
4884
4885
4888
4889
4891
4893
4895
4897
4899
4902
4903
4909
4910
4917
4918
4921
4922
4924
4925
4934
4935
4940
4941
4942
4944
4949
4951
4953
4954
4955
4966
4970
4971
4972
4980
4981
4990
4991
4992
4993
4995
4999
5000
5003
5005
5013
5015
5029
5031
5032
5035
5039
5040
5043
5046
5047
5049
5051
5052
5058
5063
5066
5073
5075
5080
5081
5082
5083
5085
5086
5090
5091
5092
5093
5096
5097
5103
5109
5112
5113
5123
5134
5138
5140
5143
5146
5147
5148
5154
5162
5166
5169
5171
5177
5182
5183
5184
5185
5189
5195
5196
5197
5205
5206
5212
5213
5215
5220
5222
5227
5232
5233
5243
5244
5252
5253
5258
5264
5267
5268
5271
5274
5275
5276
5282
5288
5290
5293
5304
5305
5306
5315
5320
5327
5333
5339
5340
5341
5345
5347
5352
5374
5378
5384
5385
5389
5390
5393
5395
5398
5406
5407
5408
5409
5411
5415
5416
5422
5423
5424
5429
5434
5436
5439
5440
5441
5445
5446
5447
5450
5451
5454
5455
5456
5469
5472
5479
5480
5482
5483
5488
5490
5492
5493
5499
5501
5503
5504
5510
5511
5517
5521
5525
5527
5531
5532
5533
5535
5537
5545
5554
5557
5561
5567
5574
5576
5577
5586
5593
5598
5599
5602
5603
5610
5612
5618
5619
5620
5636
5637
5646
5651
5653
5654
5657
5662
5663
5664
5665
5666
5667
5671
5672
5673
5690
5700
5702
5703
5705
5706
5708
5714
5716
5720
5723
5726
5731
5732
5733
5734
5735
5741
5742
5750
5752
5753
5774
5781
5784
5785
5790
5791
5798
5799
5806
5807
5809
5810
5821
5822
5830
5832
5835
5836
5837
5838
5840
5842
5843
5845
5848
5854
5858
5870
5873
5875
5877
5884
5885
5888
5896
5897
5898
5899
5907
5909
5911
5913
5916
5917
5929
5939
5940
5943
5948
5951
5952
5958
5964
5965
5971
5972
5973
5975
5977
5978
5986
5991
6000
6004
6015
6016
6020
6021
6023
6031
6032
6033
6040
6041
6050
6051
6052
6060
6061
6064
6069
6070
6071
6072
6076
6077
6086
6087
6089
6095
6100
6101
6104
6107
6110
6115
6131
6136
6142
6145
6146
6151
6152
6153
6154
6156
6161
6162
6163
6164
6172
6186
6187
6191
6192
6194
6195
6203
6206
6207
6216
6217
6223
6225
6238
6239
6249
6250
6251
6252
6254
6255
6262
6268
6269
6279
6281
6282
6283
6285
6293
6300
6301
6302
6305
6306
6310
6318
6320
6326
6327
6337
6339
6348
6349
6350
6351
6353
6354
6355
6356
6360
6364
6368
6369
6373
6374
6379
6380
6385
6393
6394
6395
6405
6410
6411
6412
6413
6415
6417
6418
6421
6422
6423
6427
6428
6435
6436
6440
6447
6451
6452
6453
6466
6467
6475
6477
6493
6494
6495
6498
6500
6504
6505
6509
6516
6521
6535
6541
6557
6558
6559
6562
6566
6570
6572
6577
6580
6581
6586
6590
6592
6593
6597
6602
6606
6617
6633
6634
6647
6648
6649
6666
6667
6671
6683
6684
6685
6686
6688
6692
6702
6707
6715
6728
6729
6735
6746
6749
6750
6755
6756
6759
6760
6761
6768
6780
6781
6785
6786
6787
6792
6804
6813
6814
6817
6819
6835
6836
6837
6840
6844
6849
6853
6859
6878
6882
6887
6893
6894
6897
6903
6904
6917
6927
6935
6940
6941
6943
6946
6959
6960
6961
6967
6969
6970
6972
6973
6974
6975
6976
6978
6981
6986
6987
6991
6992
6993
6995
6999
7006
7007
7009
7010
7011
7013
7014
7021
7025
7027
7036
7037
7042
7043
7044
7045
7046
7049
7054
7059
7060
7071
7076
7077
7079
7082
7087
7101
7110
7111
7116
7122
7126
7131
7133
7134
7139
7140
7146
7150
7151
7153
7155
7158
7160
7162
7163
7166
7173
7174
7181
7183
7187
7195
7196
7204
7209
7210
7215
7216
7221
7224
7229
7230
7231
7232
7241
7243
7247
7248
7257
7267
7268
7274
7276
7279
7284
7286
7291
7292
7297
7298
7299
7301
7305
7308
7312
7326
7330
7331
7341
7345
7346
7347
7348
7359
7364
7372
7377
7379
7382
7383
7398
7399
7400
7406
7408
7414
7415
7417
7422
7431
7433
7439
7444
7451
7452
7453
7461
7480
7482
7484
7486
7499
7504
7509
7521
7528
7529
7546
7547
7548
7556
7557
7565
7567
7577
7580
7583
7585
7586
7588
7589
7595
7596
7606
7608
7610
7611
7613
7619
7625
7632
7633
7634
7635
7637
7638
7639
7644
7645
7650
7653
7663
7666
7670
7672
7673
7687
7700
7705
7715
7716
7717
7719
7721
7725
7741
7742
7751
7776
7777
7801
7809
7822
7831
7840
7841
7848
7849
7857
7860
7863
7864
7878
7890
7894
7898
7911
7913
7915
7940
7946
7947
7956
7957
7958
7963
7965
7967
7969
7976
7977
7979
7982
7983
7985
7994
7999
8010
8011
8012
8013
8023
8032
8033
8036
8037
8038
8039
8050
8051
8052
8069
8070
8075
8076
8079
8087
8099
8100
8101
8111
8115
8125
8130
8140
8142
8144
8145
8146
8149
8159
8160
8164
8168
8169
8170
8175
8177
8179
8183
8184
8197
8228
8229
8232
8234
8238
8239
8243
8245
8247
8248
8250
8251
8253
8255
8257
8258
8264
8270
8271
8272
8279
8281
8285
8286
8287
8291
8295
8297
8298
8307
8308
8311
8323
8324
8333
8347
8349
8351
8353
8355
8356
8366
8367
8382
8387
8389
8400
8401
8404
8410
8415
8421
8422
8432
8446
8447
8448
8460
8469
8472
8476
8489
8492
8493
8495
8506
8510
8516
8519
8520
8529
8531
8539
8544
8545
8552
8558
8559
8560
8562
8571
8579
8585
8597
8599
8622
8626
8632
8633
8635
8636
8637
8646
8649
8662
8666
8680
8681
8682
8687
8699
8710
8719
8723
8724
8729
8746
8748
8757
8767
8768
8769
8771
8773
8776
8778
8779
8789
8790
8791
8805
8808
8811
8813
8815
8820
8827
8846
8850
8851
8853
8857
8859
8868
8874
8877
8892
8900
8902
8904
8909
8911
8915
8920
8922
8929
8930
8939
8954
8957
8959
8974
8978
8979
8986
9002
9009
9014
9019
9024
9031
9032
9040
9042
9046
9052
9059
9064
9065
9066
9081
9092
9093
9097
9099
9101
9102
9103
9108
9117
9122
9145
9150
9159
9161
9167
9173
9174
9175
9192
9193
9195
9209
9217
9225
9235
9236
9242
9248
9249
9250
9251
9252
9258
9260
9271
9286
9300
9302
9306
9320
9321
9323
9326
9329
9330
9335
9340
9353
9354
9366
9369
9377
9378
9386
9393
9399
9402
9408
9410
9420
9421
9427
9438
9445
9451
9455
9463
9467
9470
9474
9476
9484
9488
9496
9497
9498
9503
9505
9510
9514
9517
9525
9528
9536
9537
9541
9544
9545
9549
9562
9568
9577
9578
9579
9583
9584
9595
9606
9615
9616
9622
9630
9633
9649
9653
9661
9671
9672
9688
9690
9691
9695
9696
9697
9698
9700
9704
9713
9715
9716
9718
9723
9726
9729
9740
9759
9768
9769
9777
9779
9804
9806
9807
9813
9816
9817
9820
9821
9825
9841
9842
9843
9844
9846
9853
9856
9865
9876
9890
9891
9897
9906
9907
9923
9927
9938
9939
9944
9945
9965
9972
9983
9989
9993
9999
10001
10002
10008
10010
10015
10016
10017
10030
10039
10041
10045
10053
10055
10058
10064
10065
10067
10071
10073
10096
10100
10112
10127
10128
10137
10159
10166
10182
10183
10184
10185
10186
10187
10190
10191
10192
10196
10198
10205
10206
10209
10211
10222
10225
10243
10244
10245
10247
10271
10292
10299
10307
10312
10323
10334
10340
10343
10344
10346
10359
10360
10366
10373
10385
10389
10396
10407
10436
10437
10438
10440
10452
10453
10457
10460
10461
10462
10470
10476
10477
10479
10481
10499
10500
10503
10506
10517
10520
10524
10527
10535
10538
10555
10556
10559
10566
10572
10576
10580
10582
10592
10593
10596
10598
10613
10614
10619
10621
10623
10630
10633
10652
10653
10654
10655
10657
10671
10673
10683
10693
10697
10704
10709
10716
10729
10741
10742
10751
10756
10760
10774
10777
10787
10803
10804
10812
10826
10828
10830
10840
10848
10870
10871
10913
10915
10936
10954
10956
10989
11002
11005
11020
11031
11037
11041
11043
11045
11047
11062
11067
11075
11085
11088
11099
11100
11101
11105
11106
11107
11130
11149
11153
11160
11164
11168
11177
11188
11189
11191
11199
11203
11209
11214
11220
11231
11251
11252
11258
11270
11277
11286
11289
11291
11337
11338
11350
11356
11373
11379
11381
11382
11385
11396
11429
11439
11440
11443
11446
11453
11454
11455
11459
11461
11462
11477
11485
11488
11503
11510
11520
11530
11531
11542
11544
11551
11555
11562
11571
11574
11587
11588
11603
11612
11613
11624
11628
11630
11659
11692
11696
11699
11709
11720
11725
11731
11741
11742
11745
11750
11753
11773
11776
11777
11785
11801
11804
11807
11813
11815
11826
11827
11838
11869
11870
11890
11893
11894
11897
11903
11910
11917
11918
11925
11928
11929
11933
11934
11942
11980
12000
12005
12034
12044
12051
12059
12067
12071
12082
12087
12089
12091
12095
12096
12104
12108
12111
12118
12131
12148
12149
12153
12156
12157
12158
12159
12175
12176
12180
12189
12194
12195
12208
12210
12216
12221
12244
12245
12251
12256
12265
12294
12295
12298
12306
12319
12326
12328
12339
12363
12374
12378
12398
12399
12426
12436
12437
12469
12470
12472
12496
12497
12499
12502
12504
12505
12511
12520
12521
12545
12551
12588
12614
12616
12620
12621
12622
12631
12645
12646
12656
12663
12664
12665
12668
12689
12723
12740
12742
12750
12753
12756
12760
12765
12783
12804
12813
12818
12835
12850
12858
12875
12878
12885
12896
12908
12909
12914
12934
12935
12944
12957
12958
12959
12970
12974
12979
12998
12999
13006
13028
13033
13041
13053
13054
13063
13064
13065
13066
13080
13082
13115
13142
13160
13180
13194
13196
13239
13241
13242
13243
13252
13259
13270
13277
13279
13282
13283
13284
13297
13299
13311
13341
13345
13362
13374
13381
13387
13390
13392
13401
13406
13410
13424
13428
13429
13434
13452
13467
13487
13495
13496
13502
13520
13521
13523
13525
13542
13546
13556
13565
13567
13577
13613
13617
13627
13633
13641
13650
13653
13654
13673
13691
13702
13721
13723
13753
13754
13759
13779
13785
13795
13808
13821
13826
13827
13828
13836
13868
13869
13870
13871
13909
13910
13911
13912
13932
13954
13965
13989
14013
14027
14033
14034
14040
14056
14057
14069
14071
14074
14079
14080
14082
14112
14113
14122
14156
14163
14164
14165
14171
14198
14199
14221
14233
14234
14248
14264
14282
14283
14284
14285
14286
14297
14308
14327
14334
14335
14336
14344
14366
14367
14368
14373
14374
14375
14376
14381
14386
14387
14403
14405
14418
14425
14428
14430
14436
14437
14446
14465
14468
14487
14504
14506
14511
14540
14541
14558
14614
14615
14626
14627
14636
14637
14643
14674
14685
14689
14694
14697
14698
14713
14726
14752
14756
14763
14768
14769
14771
14786
14792
14834
14835
14852
14853
14854
14856
14876
14877
14879
14917
14945
14947
14952
15004
15007
15013
15021
15022
15025
15040
15056
15066
15068
15070
15089
15100
15113
15117
15120
15129
15149
15164
15165
15174
15178
15183
15214
15215
15220
15221
15225
15226
15253
15262
15267
15272
15277
15295
15296
15297
15302
15340
15346
15357
15365
15394
15396
15398
15425
15433
15434
15441
15442
15449
15462
15489
15494
15503
15513
15518
15521
15554
15584
15587
15597
15636
15648
15662
15666
15691
15703
15711
15725
15726
15727
15728
15732
15740
15762
15763
15782
15796
15797
15811
15826
15829
15831
15836
15841
15850
15866
15908
15919
15920
15921
15968
15978
15992
16006
16011
16024
16028
16046
16048
16051
16053
16061
16067
16079
16083
16088
16091
16110
16116
16137
16146
16165
16169
16176
16183
16193
16209
16254
16266
16302
16308
16335
16349
16350
16386
16387
16401
16411
16412
16428
16429
16430
16431
16448
16456
16457
16461
16462
16463
16471
16485
16531
16532
16534
16538
16561
16570
16571
16577
16605
16606
16610
16617
16632
16635
16659
16664
16667
16673
16679
16680
16684
16694
16705
16734
16739
16788
16838
16843
16875
16916
16928
16950
16966
16973
16999
17024
17042
17044
17063
17067
17079
17096
17097
17098
17100
17105
17111
17139
17140
17142
17167
17188
17202
17212
17213
17214
17226
17236
17255
17270
17282
17284
17292
17300
17310
17324
17325
17376
17382
17418
17430
17431
17463
17472
17483
17484
17485
17548
17575
17584
17593
17612
17650
17651
17687
17689
17690
17693
17722
17732
17733
17760
17777
17785
17801
17815
17816
17827
17836
17837
17850
17851
17864
17866
17870
17872
17900
17905
17920
17928
17931
17957
17985
17986
17987
18026
18048
18057
18061
18064
18068
18073
18079
18098
18107
18112
18126
18131
18133
18143
18144
18151
18156
18160
18170
18176
18180
18182
18192
18217
18230
18243
18266
18276
18287
18290
18301
18304
18307
18309
18342
18343
18447
18458
18469
18470
18471
18485
18487
18516
18535
18543
18549
18552
18561
18564
18586
18587
18595
18600
18604
18615
18622
18652
18653
18685
18693
18694
18711
18712
18713
18740
18764
18765
18796
18797
18801
18843
18850
18857
18868
18900
18903
18906
18932
18933
18935
18936
18954
18959
18966
18968
18992
19007
19014
19025
19040
19079
19080
19091
19114
19115
19139
19144
19175
19183
19217
19228
19233
19234
19262
19265
19266
19270
19296
19322
19325
19327
19334
19367
19368
19371
19372
19401
19432
19477
19484
19502
19510
19534
19573
19584
19629
19641
19655
19658
19661
19663
19664
19707
19725
19746
19777
19786
19800
19810
19849
19852
19866
19892
19911
19912
19956
19963
19968
19990
19997
20000
20085
20086
20087
20097
20098
20110
20121
20128
20144
20163
20165
20166
20176
20178
20187
20201
20205
20212
20223
20224
20240
20251
20256
20264
20275
20280
20307
20344
20345
20386
20394
20429
20461
20477
20478
20495
20496
20502
20540
20622
20624
20627
20635
20684
20685
20704
20764
20778
20807
20816
20817
20847
20849
20874
20876
20896
20921
20948
20957
20983
20987
20995
21027
21043
21063
21073
21099
21112
21122
21127
21138
21143
21144
21146
21157
21161
21173
21262
21263
21264
21273
21304
21308
21342
21343
21359
21385
21418
21437
21447
21500
21521
21536
21552
21553
21573
21578
21579
21582
21589
21628
21629
21645
21647
21674
21715
21745
21794
21818
21819
21853
21870
21885
21896
21919
21964
21992
21997
22012
22025
22034
22065
22066
22076
22114
22115
22124
22199
22212
22230
22247
22250
22346
22348
22382
22398
22406
22442
22448
22452
22459
22465
22562
22568
22572
22578
22611
22662
22679
22701
22722
22739
22753
22765
22770
22776
22797
22832
22833
22852
22855
22880
22899
22939
22957
22958
22964
22972
22973
23019
23023
23039
23049
23050
23055
23096
23110
23122
23146
23147
23166
23180
23204
23205
23214
23250
23289
23293
23302
23316
23333
23343
23344
23361
23362
23390
23414
23418
23506
23528
23547
23555
23596
23598
23617
23633
23657
23674
23683
23709
23767
23787
23814
23832
23862
23895
23903
23938
23945
23946
23947
23948
23953
23980
23985
23987
24008
24019
24022
24028
24072
24076
24091
24105
24110
24113
24132
24138
24146
24157
24216
24264
24265
24272
24291
24294
24303
24420
24421
24457
24469
24470
24480
24481
24510
24511
24525
24539
24540
24544
24636
24694
24741
24827
24869
24876
24894
24918
24921
24931
24932
24940
24958
24965
24966
24974
24985
24993
25046
25053
25083
25084
25094
25118
25149
25226
25239
25254
25281
25310
25340
25341
25375
25388
25426
25443
25450
25460
25469
25471
25523
25575
25580
25581
25616
25629
25648
25649
25712
25721
25743
25763
25799
25802
25827
25842
25888
25898
25991
25999
26000
26043
26046
26057
26077
26082
26097
26131
26138
26209
26232
26233
26239
26244
26250
26310
26314
26315
26334
26357
26363
26404
26409
26410
26438
26458
26464
26477
26478
26494
26497
26502
26515
26516
26524
26535
26538
26546
26559
26560
26610
26619
26640
26664
26701
26714
26746
26748
26756
26770
26808
26821
26822
26838
26849
26864
26922
26929
26935
26948
26955
26964
26965
26969
26976
27018
27028
27029
27049
27074
27094
27139
27187
27244
27309
27332
27341
27354
27383
27413
27419
27425
27434
27468
27472
27518
27540
27544
27545
27552
27575
27643
27667
27705
27731
27732
27745
27787
27790
27815
27851
27855
27868
27889
27890
27895
27899
27948
27952
27958
27974
27984
27985
27986
28026
28039
28052
28054
28058
28085
28089
28090
28098
28108
28138
28180
28181
28185
28201
28248
28267
28271
28282
28324
28340
28345
28372
28398
28399
28423
28432
28486
28487
28505
28534
28556
28557
28593
28618
28652
28676
28691
28692
28714
28733
28765
28766
28813
