1267 1268
2239 1338 2240
3492 3493
1483 1563
3688 3904
2306 1264
6555 871 7527
1636 1637
819 870 820
1638 1639
1928 482 1929
6106 4542
1323 1324
574 575
4318 4319
3809 698
703 704
1005 1006
2591 1319
6093 3622 1328
4956 4957
858 859
6009 6010
4445 97 4446
707 708
1320 1747
1584 311 1585
819 5985
2292 3948
3100 1211 3101
2147 2148
5687 5688
7525 7526
9449 451
699 3384
3543 3544
4638 3020
2411 3084
6315 6316
1003 7715
6865 1890
1668 3222
14426 14427
1996 1997
1998 625
6753 6754
12549 12550
1668 99 2340
9921 9922
5079 1319
3470 3517
4544 97 8665
908 67 909
1890 1264
5247 4976
3541 3542
3162 3947
11986 14555
9372 9373
8899 3631
1560 625
3122 4291
1318 1319
9313 9314
1397 73 1398
7653 1890 1264
5228 625
2712 2713
7785 7786 7787
9056 7944
904 625
3998 1727
3858 6190
5738 5739
819 820
3807 3808
1111 67 1975
6286 6287
5824 1328
1397 1398
3382 3383
3114 11167
1200 1201
6789 6790
6212 8924
7235 2484
1150 629
4878 67 5127
3770 3771
69 871 4077
8124 7962
3100 3101
8083 8084
3453 3454
2640 2641
1150 1264
5247 97 4976
2255 1890 2256
7360 6929
1668 2716 5388
4301 625
4454 629
13861 13862
2485 625
576 70 7020
1726 1727
1978 98 1979
1923 1924 1925
2295 1211 2296
376 377 313
8303 10686
6827 6828
1113 1114 1115
11569 11570
4237 623
3100 8972
3885 2716 3886
4679 14554
450 451
13206 13207
12780 13402
10168 10169
2061 2062
1668 1161 4058
7782 7783 7784
5513 5514
2591 1264
757 758
4302 1440 3579
9685 9686
6616 3579
10035 10036
3622 623
2803 6006
819 97 5740
4946 4947
8894 8895
6197 1321
819 4086
12515 12516
9214 9215
5144 5145
4963 871 4964
2608 2609
3528 3726
1113 311 1115
3140 2589
8195 8196
1668 8944
5335 5336
2238 1319
8317 8318
3996 1161 9512
1564 1565
5581 5582
13072 13073
3539 3540
3491 1923
4216 4153
69 1146
1561 3308 904
5176 5984
4915 6791
10975 10976
4915 4916
5981 5982
2295 9712
817 818
5758 2176
821 12026
3349 9419 1667
8538 629
2142 2143
1319 1264
4915 3 6791
3747 625
5930 5931
1668 98 3222
2462 1768
2173 2174
9450 8924
66 10110
5595 5816
6196 904
6079 7187 7188
2147 17174
2295 2296
6731 629
6027 6028
4292 5464 3141
3866 3630
4220 4221
4284 4285
7834 5228
13403 13404
8305 12730
11975 11976
376 377
9240 3996
3288 1211 754
4442 4443
7772 6794 2057 2058
10443 1927 309
4076 482 3308
8661 3904
3843 3448 3603 3844
75 76
3719 8212
15457 15458
3349 6901
2997 2998
8408 8409
1767 1768
2975 2976
11638 11639
6209 9625
1761 1762
7723 698
700 2306
4171 11225
1668 5814
11868 1263
8537 629
2891 3688 2484
6555 8645
5981 7851 7852
10448 10449
6681 7432
1566 1567
17656 17657
5229 5230
3021 13173
20106 1789
628 1484
5006 5007
4621 11087
3100 5566
2503 2504
8089 8090
5228 111
9499 9500
7255 9639
4984 4444
9640 9641
5759 5760
6531 6532
4562 4563
908 10595
2239 7240
7449 7450
8854 8855
4987 4988
4056 4057
6720 6721
308 871 3579
16511 16512
12543 16070
9898 9899
5685 5686
7443 11538
8763 8764
15222 8653
13232 13233
3688 623
6365 15461
1321 7984
2699 2700
699 2891
3347 3348
7189 7190
3541 6298
7998 2846
69 7149
3577 5468
6365 1727
755 756
3738 629
1748 1749
6523 6524
3747 8777
1890 625
10442 4153
12253 12254 12255
2144 625
6029 70 6030
3996 5457
1693 16968
8093 8094
1812 10416
2338 19916
1318 1440
1397 7390
3806 629
6272 6273
6533 6534
5683 5684
5595 9434
3557 6438
3919 629
8196 16122
3474 3475 3476
7836 4986
6722 8826
5713 7239
14147 14900
11070 11071
4546 5853
66 67 68
12181 12182
66 9635 9636
4662 4663
21535 98 3065
5380 698
7795 2429 7796
6209 3448 10612
5383 629
12752 3922
99 3579 13361
5387 4986
9078 97 8788
6344 6345
1441 9975
904 627 2484
3122 7981
3031 12674
4915 7541 2953
6294 11208
13691 13692
11600 11601
2338 9123
4465 4466 4467
2591 1326
7668 482 8644
3141 3142
19196 1974
308 8371
14563 15382
13171 13172 10949
4019 4020
310 2463
5077 99 1587 5078
2714 1161 6922
7213 2677
6892 3904
12751 4019
9735 9736
2338 7912
15274
4907 4989
3809 1264
22933 8777
3347 1211 3348
10496 10497 3140
5299 5300 1242 5301
755 570 13136
72 73 74
2951 2952 2953
12796 904
1668 1975
10998 10999
11646 623
1326 1264
6046 6047
8118 16615
1041 10859
11024 1150
6862 623
5595 9241
1111 12861
9338 9339 1692
1668 8759
2766 2767
1662 14151
64 65
14236 14237
2239 2240
4650 2846
5936 11635
4913 4914
13450 5358
1812 6220
3885 3886
3515 3516
1318 1328
3112 8728
3600 1322
9156 623
4777 7694
1668 7924
13201 13202
1563 16096
22577 2484
3980 3981
2838 2842
7855 2429 7856
5729 5730
9124 482 9125
3404 1211 3405
7996 7997
6056 11403
1441 1442
3747 623
3996 6902
2292 577 5804
11560 11561
8553 7918
11433 11434 11435
1668 5388
908 2502
310 13756
904 905 623
3656 4781
11708 7187
17062 3140
7089 1440
9111 1570 6248
629 629
15231 11594
1111 2057 2058
12453 16121 12454
16849 623
699 623
16047 623
7510 7511
1973 1974
9747 98 8653
1005 18813
