7466
6798
6799
2682
13054
12835
8018
8017
4592
2302
11016
13282
8614
3774
6216
6814
6817
9755
8841
8712
5611
6774
3681
2512
14643
13074
18098
18764
10180
15114
8037
8525
2185
6454
6186
5934
7234
9199
6239
12201
10518
10519
8866
8869
4197
4192
4190
5671
5672
5673
9941
2538
13495
13090
13773
7144
8052
7561
4886
7967
8545
8544
9715
5241
5622
6800
6801
5657
5652
13345
3910
6089
12071
3641
2555
11472
13309
4414
7163
6914
19700
11061
7900
6276
5222
5221
13114
3065
7570
8670
4046
4040
10122
2579
2577
2574
3596
5038
5030
17122
8922
11879
12227
18304
6936
14653
5902
10914
7922
10312
2741
4561
14342
3042
17839
13779
4069
5784
9682
6336
6338
9675
9672
8901
8903
9474
14751
4211
13909
1545
5575
7891
12287
17900
12999
16448
6924
8115
8375
8372
4000
11129
16296
14225
8147
6312
6311
6318
9654
9302
3418
1649
5433
4273
4276
8580
8587
6121
10112
4801
4802
14128
7081
8175
6499
6943
8391
8392
3198
8200
11381
7861
6372
1621
3859
4253
5538
10803
11107
4536
11625
10621
7324
7327
6969
8805
6689
7849
9619
4953
3329
6513
8454
7547
6169
7348
7300
11918
7047
7046
6987
8600
8023
11503
4356
5704
16580
7823
17185
9362
14061
13252
13482
6538
8476
8470
4167
5448
13142
17573
17575
3498
3494
3495
3493
11308
5747
3333
7021
11149
7790
15433
8669
4081
4087
5723
10813
7806
6394
2396
2395
2393
2391
8677
5124
10376
6958
7583
14677
18552
5916
6077
2619
9800
6664
13219
4014
11310
7506
9881
7610
8433
8435
9827
11515
5971
12350
10264
16820
5766
5767
5187
6606
12188
2356
2138
11723
5161
5169
2780
9695
8253
6849
6304
6676
6302
8237
4610
6036
3148
9066
3562
3567
2905
11885
5317
5316
11085
7406
4904
5146
7954
7014
7950
3371
6820
8187
8811
8219
8749
7652
1997
5756
10604
6015
6016
12393
13479
6547
6546
17816
17815
15071
15273
7463
5329
4418
14737
16388
11122
10384
18349
15868
10008
6803
9741
9749
3752
17067
14403
8765
8767
8766
8502
19386
9533
10711
14654
3598
1141
12826
12823
3756
4635
6195
16909
7205
11942
11100
11101
6423
10680
17176
5041
10192
5189
8515
12847
11177
10566
9174
11034
12273
10527
8874
6922
4407
4402
8729
12470
7764
3909
9950
12047
3652
13314
4406
11805
10072
7155
8066
4925
10327
7978
4092
19778
8895
8892
13122
5641
7745
3925
8309
5047
4222
23680
2282
4531
7911
8506
13796
11628
9333
18307
14481
17864
15685
6446
15358
6701
6700
19210
4059
4491
18538
7117
16635
17324
9456
12296
3428
4580
13163
13164
8620
10039
9541
8128
13374
16847
12174
8978
1650
2833
4263
5130
11250
10948
10941
9208
9789
7093
6171
12891
15463
8361
11391
7872
16866
6309
6307
10138
6856
2817
2811
18287
12676
4243
4240
7514
6155
3153
3151
9411
3157
17872
3154
9938
20410
15919
8389
22470
11156
11960
5442
10335
7538
16950
4630
12245
5290
8140
7339
7338
18435
7052
15931
14511
11356
8258
2703
6699
6691
7831
17197
21715
11031
4994
8284
3069
5926
11903
10233
10231
9010
3575
9378
9589
4970
14057
14601
8265
8266
7575
18347
11640
4569
3167
9605
12539
13771
10784
11929
12321
11922
11925
7010
15451
19126
8046
12668
12664
14034
18206
13736
8566
12540
15780
14286
3845
16148
11696
2978
5361
11055
5751
5755
12502
2752
10862
21223
4931
13599
11731
10485
14904
8221
8223
8229
4117
9217
12363
12361
9076
10752
5774
10671
17035
7410
7416
10840
3707
15747
18593
11154
8824
8321
17961
9271
9276
10053
3579
3574
18587
3163
13323
14896
16046
14069
13633
4709
3763
7899
11776
12800
6835
8007
8820
12892
1298
6974
