4029
3573
6156
5858
3777
2557
2265
9323
3999
1502
6015
1986
8011
6787
5845
4674
7857
3691
6813
1967
1363
3354
1146
1148
5501
2099
3753
6683
3689
2066
2510
3534
1091
1601
2848
2849
1156
1554
2215
6187
5040
3783
1804
1800
14511
13241
1521
1491
1706
1128
2988
1013
4355
8351
2466
998
4507
4502
2533
8986
7224
1836
2156
2150
10527
3249
7037
3306
1135
6239
3304
6405
3906
5806
2091
2704
4884
9577
923
1723
1371
1370
2899
2894
1451
1895
5720
6395
9496
9579
1931
12328
3703
3078
1020
1022
5456
4093
4091
5732
8307
4789
5822
12087
6071
2617
3298
3293
3456
6893
1277
6557
2469
3937
5690
2575
2599
2624
3441
2751
1045
1469
4231
1011
6671
3618
1860
1869
4935
2636
2631
4581
879
3431
2747
1781
7116
1070
3132
6452
1523
1529
2108
1044
3734
3732
12294
2002
7957
2106
7638
14756
1337
1336
3096
1464
2346
6031
2652
9209
3415
7383
12175
1516
1432
3399
4002
1591
6004
13496
11890
1646
2808
3166
737
12813
3397
13702
3987
3562
1893
2492
2497
1514
8051
8489
2781
2789
9467
13828
2679
10556
5345
2584
1782
794
473
1865
